Release 0.1 (working system):
2x1, M=2, K=4:
[0.110375, 0.069875, 0.04125, 0.022375, 0.015625, 0.008125, 0.00425, 0.003625, 0.000625, 0.000375]
2x1, M=4, K=4:
[0.110375, 0.069875, 0.04125, 0.022375, 0.015625, 0.008125, 0.00425, 0.003625, 0.000625, 0.000375]

Release 0.2 (fixed final detection):
2x1, M=2, K=4:
[0.396, 0.32075, 0.24975, 0.168375, 0.100625, 0.066375, 0.036375, 0.018375, 0.003375, 0.002875, 0.0025]
> [0.396, 0.32075, 0.24975, 0.168375, 0.115225, 0.066375, 0.036375,  0.0156, 0.00715, 0.0029, 0.00115]
>> all 100k precision: [0.38358625, 0.32032875, 0.2498675, 0.17789625, 0.1153075, 0.06456375, 0.032965, 0.0156525, 0.0067, 0.00285875, 0.00122875]
2x1, M=4, K=4:
[0.30975, 0.2535, 0.1565, 0.101125, 0.0395, 0.02, 0.007, 0.001, 0.0, 0.0, 0.0]
> [0.30975, 0.2535, 0.1565, 0.101125, 0.0395, 0.02, 0.007, 0.0023875, 0.00055, 0.0002125,  0.000075]
>> all 100k precision: [0.3185475, 0.244315, 0.167215, 0.097645, 0.047265, 0.01987875, 0.00742625, 0.002215, 0.00056125, 0.00014, 2.25e-05]
2x2, M=2, K=4:
[0.23425, 0.151, 0.085125, 0.031625, 0.0115, 0.005125, 0.00225, 0.0, 0.0, 0.0, 0.0]
> [0.23425, 0.151, 0.085125, 0.031625, 0.0115, 0.003125, 0.001,  0.0002375, 0.0000625, 0.00001375, 0.0]
>> all 100k + 1M precision: [0.2286025, 0.14755625, 0.07947625, 0.03591875, 0.01272125, 0.0036375, 0.0009675, 0.00016375, 2e-05, 8.125e-06, 0.0]
2x2, M=4, K=4:
[0.156875, 0.083, 0.03175, 0.007, 0.00225, 0.0005, 0.0, 0.0, 0.0, 0.0, 0.0]
> [0.156875, 0.083, 0.03175, 0.007, 0.00225, 0.0003, 0.000025, 0.000005, 0.0, 0.0, 0.0]
>> all 100k + 1M precision: [0.152605, 0.0790525, 0.03022125, 0.00879875, 0.0017375, 0.00026875, 3.5e-05, 2.25e-06, 0.0, 0.0, 0.0]

Release 0.3 (fixed channel):
2x1, M=2, K=4:
points2x1_2 = [0.28773625, 0.21225625, 0.14205375, 0.08651625, 0.04656, 0.0232975, 0.01064, 0.00462625, 0.00199, 0.0008125, 0.00031625]
2x1, M=4, K=4:
[0.20399875, 0.12980875, 0.06934875, 0.03154375, 0.01171875, 0.004145, 0.0011425, 0.00035, 0.000105, 3.5e-05, 1e-05]
2x2, M=2, K=4:
[0.111095, 0.05419375, 0.02167125, 0.00706625, 0.001975, 0.0004925, 8.25e-05, 7.5e-06, 0.0, 0.0, 0.0]
2x2, M=4, K=4:
[0.0503625, 0.0167825, 0.00410625, 0.00059375, 9.125e-05, 2.5e-06, 2.5e-06, 0.0, 0.0, 0.0, 0.0]

Release 0.4 (trying to fix ra influence):
BER * N_r:
2x2, M=2, K=4:
[0.2244675, 0.108935, 0.0427425, 0.013775, 0.003555, 0.0007975, 0.00019, 3.95e-05, 7e-06, 0.0, 0.0]
2x2, M=4, K=4:
[0.10201, 0.0341025, 0.00795, 0.0014675, 0.0002125, 1.3e-05, 0.0, 0.0, 0.0, 0.0, 0.0]
GP approximation:
2x2, M=2, K=4:
[0.14705875, 0.07981875, 0.0358475, 0.012775, 0.00368875, 0.001025, 0.00027625, 3.5e-05, 1e-05, 0.0, 0.0]
2x2, M=4, K=4:
[0.0788675, 0.0303975, 0.00855875, 0.00169375, 0.00024375, 4e-05, 5e-06, 0.0, 0.0, 0.0, 0.0]
